0,110.94,406.25
1,76.44,235.38
2,47.59,216.00
3,42.09,217.00
4,35.84,221.38
5,34.00,205.12
6,33.41,217.12
7,32.75,223.88
8,32.34,257.00
9,31.33,248.88
10,32.28,236.88
11,30.62,361.75
12,28.62,344.00
13,32.53,275.25
14,30.94,359.25
15,33.22,373.50
16,33.75,307.50
17,29.33,395.00
18,30.28,369.00
19,30.81,422.75
20,32.88,415.00
21,28.53,356.25
22,29.66,355.75
23,29.14,456.50
24,30.39,369.75
25,31.00,315.50
26,29.08,308.75
27,30.39,518.50
28,28.09,417.50
29,29.03,330.25
30,28.52,370.75
31,28.23,333.25
32,29.53,398.00
33,29.58,356.50
34,26.55,438.50
35,28.05,413.75
36,27.73,406.25
37,28.08,494.00
38,29.50,393.25
39,29.19,322.75
40,27.95,426.25
41,28.25,295.25
42,27.66,331.25
43,26.56,350.75
44,26.61,240.38
45,27.20,451.50
46,29.20,470.00
47,25.78,470.75
48,27.84,506.25
49,29.30,487.00
50,29.38,341.25
51,27.98,417.25
52,26.81,394.75
53,28.52,280.25
54,28.50,342.75
55,29.78,406.75
56,28.17,437.50
57,28.25,447.50
58,26.64,361.50
59,27.72,500.00
60,30.02,567.50
61,29.83,477.00
62,27.78,368.00
63,27.36,432.50
64,27.97,555.00
65,27.30,327.50
66,24.97,289.25
67,26.09,352.50
68,26.47,365.25
69,25.16,423.75
70,25.47,506.00
71,28.45,302.50
72,25.45,600.50
73,24.66,418.25
74,26.00,454.00
75,27.19,515.50
76,26.17,414.50
77,26.12,491.25
78,27.25,442.50
79,24.28,267.00
80,26.23,480.00
81,23.80,305.00
82,22.70,329.25
83,25.53,346.00
84,24.17,380.25
85,23.92,447.25
86,27.17,315.75
87,24.89,374.25
88,24.70,490.00
89,26.25,457.50
90,25.91,360.00
91,24.58,490.50
92,25.23,369.00
93,26.72,337.50
94,25.59,386.75
95,24.33,395.75
96,22.75,411.25
97,25.53,361.50
98,25.30,660.50
99,26.20,501.75
100,24.28,457.75
101,24.50,370.50
102,24.69,386.25
103,24.45,356.00
104,24.56,381.25
105,24.00,298.00
106,23.39,412.00
107,24.33,410.50
108,24.41,337.50
109,24.27,311.00
110,22.48,378.50
111,23.44,281.00
112,25.59,337.25
113,24.92,369.75
114,25.73,350.75
115,25.28,330.00
116,22.53,272.00
117,25.53,282.00
118,24.20,297.25
119,25.73,403.75
120,24.45,370.25
121,25.11,292.25
122,25.02,492.25
123,23.70,597.00
124,24.42,287.25
125,23.95,399.00
126,22.11,375.00
127,25.17,476.50
128,23.30,410.50
129,23.84,471.00
130,24.12,369.75
131,23.34,373.75
132,22.11,373.25
133,23.58,494.50
134,24.70,389.75
135,24.05,313.25
136,23.61,432.25
137,23.92,366.25
138,25.23,413.75
139,42.66,281.75
140,31.72,297.50
141,33.00,316.50
142,28.94,393.75
143,28.28,395.75
144,27.77,354.25
145,24.69,369.25
146,25.25,384.00
147,26.97,429.25
148,24.28,323.75
149,24.25,387.75
150,26.70,306.00
151,25.11,458.75
152,23.88,364.50
153,25.47,363.50
154,24.69,379.50
155,23.83,367.25
156,25.56,365.50
157,26.05,411.00
158,23.02,337.25
159,23.45,436.75
160,24.86,306.25
161,25.16,446.00
162,23.59,401.50
163,29.72,347.75
164,27.00,377.50
165,24.38,346.00
166,25.44,328.25
167,23.55,338.50
168,25.28,268.00
169,24.19,389.75
170,23.98,353.50
171,25.31,336.25
172,24.23,391.25
173,24.14,390.25
174,24.64,376.00
175,23.98,374.00
176,25.39,269.50
177,25.12,321.00
178,23.86,335.75
179,22.80,339.75
180,23.64,276.75
181,23.80,307.25
182,25.34,385.50
183,23.77,311.25
184,23.30,339.00
185,21.70,337.75
186,24.83,326.25
187,23.19,335.75
188,23.55,437.50
189,24.73,306.75
190,22.75,323.50
191,22.84,324.25
192,24.56,360.75
193,24.97,269.75
194,24.88,278.25
195,26.59,240.25
196,27.05,422.25
197,22.78,354.00
198,24.86,470.25
199,25.03,344.00
200,25.06,364.00
201,24.34,406.50
202,23.02,286.75
203,23.09,351.25
204,24.91,391.75
205,23.97,424.75
206,24.73,409.25
207,25.45,336.75
208,22.36,325.75
209,23.88,351.25
210,24.53,327.50
211,23.66,359.75
212,24.33,322.00
213,24.25,368.75
214,26.12,421.00
215,23.31,429.50
216,23.73,391.75
217,23.59,394.25
218,24.20,380.75
219,23.05,392.50
220,23.61,381.75
221,22.25,393.00
222,25.06,329.25
223,23.12,274.00
224,21.42,345.75
225,22.48,301.50
226,24.14,438.75
227,24.33,470.50
228,23.86,426.25
229,22.48,295.50
230,23.12,351.25
231,24.14,334.75
232,23.70,381.50
233,22.78,331.50
234,23.16,347.25
235,24.47,427.25
236,23.91,273.75
237,24.62,300.00
238,23.94,355.50
239,24.69,300.25
240,22.23,415.75
241,22.59,339.50
242,23.28,351.50
243,23.09,298.25
244,27.48,305.50
245,23.17,332.00
246,22.55,331.50
247,21.59,248.62
248,22.80,321.25
249,21.80,311.00
250,23.67,390.25
251,25.31,345.25
252,26.23,432.75
253,21.81,305.75
254,21.78,396.50
255,22.94,367.75
256,22.95,308.25
257,24.06,405.50
258,23.08,341.00
259,22.25,258.25
260,23.62,341.00
261,23.22,373.75
262,23.33,328.50
263,24.16,386.25
264,25.53,370.00
265,22.58,349.75
266,22.80,307.00
267,23.39,281.50
268,23.36,366.75
269,24.95,344.50
270,23.94,363.75
271,22.08,242.88
272,24.59,220.12
273,23.31,320.25
274,24.11,445.00
275,23.39,288.75
276,23.14,357.00
277,23.11,410.75
278,23.94,225.25
279,23.28,323.75
280,23.36,360.50
281,21.98,355.50
282,22.75,333.25
283,24.30,338.25
284,23.23,340.75
285,23.36,350.50
286,22.36,338.25
287,22.62,314.75
288,22.25,322.25
289,24.00,323.00
290,22.67,368.75
291,23.44,390.25
292,24.38,327.25
293,24.25,332.00
294,22.59,322.00
295,23.70,291.25
296,22.34,313.25
297,22.89,316.00
298,23.05,304.50
299,23.45,316.75
300,24.19,422.50
301,22.59,372.75
302,24.22,335.50
303,22.55,333.25
304,24.50,442.25
305,23.50,325.50
306,23.09,428.25
307,21.62,325.25
308,22.14,342.75
309,22.97,300.50
310,23.27,334.75
311,23.41,301.50
312,22.83,296.25
313,24.95,364.75
314,25.02,359.75
315,23.61,343.50
316,22.83,273.50
317,24.20,415.50
318,26.22,300.25
319,25.11,263.75
320,22.70,341.00
321,23.62,394.75
322,23.56,373.75
323,23.45,266.25
324,24.55,328.50
325,22.75,313.50
326,23.33,332.25
327,23.25,321.75
328,23.52,365.00
329,23.25,297.50
330,23.12,372.75
331,21.78,291.00
332,23.36,311.75
333,24.12,286.00
334,22.86,310.25
335,23.16,307.25
336,21.98,340.25
337,22.14,250.25
338,24.86,322.25
339,24.77,412.50
340,22.83,391.50
341,21.42,281.25
342,23.17,377.25
343,23.83,350.00
344,24.16,334.25
345,22.72,363.25
346,24.50,367.25
347,21.27,311.25
348,22.59,357.25
349,24.12,368.00
350,22.70,297.00
351,23.64,434.25
352,22.08,385.00
353,26.08,383.75
354,22.86,328.50
355,21.56,262.50
356,23.45,337.50
357,22.14,322.25
358,22.41,299.50
359,23.53,276.00
360,21.36,281.50
361,22.56,289.75
362,22.23,298.50
363,22.41,291.50
364,24.14,323.50
365,20.33,273.00
366,22.91,329.75
367,22.38,307.75
368,22.17,239.12
369,24.08,305.75
370,23.11,243.62
371,22.52,308.25
372,22.84,232.50
373,23.81,303.25
374,24.53,242.88
375,22.09,296.25
376,22.47,270.00
377,22.38,275.00
378,23.88,278.00
379,22.14,318.00
380,21.77,310.75
381,21.83,306.00
382,23.55,336.50
383,23.28,321.25
384,22.12,303.75
385,24.28,287.75
386,24.20,266.50
387,21.89,319.75
388,24.27,314.50
389,22.30,312.75
390,24.56,267.00
391,22.77,277.75
392,23.27,332.50
393,23.14,277.75
394,22.75,262.75
395,23.81,298.50
396,22.61,276.75
397,21.75,302.75
398,21.89,325.75
399,22.59,368.50
400,23.77,271.00
401,21.09,277.25
402,21.47,348.75
403,23.73,323.00
404,21.62,315.75
405,21.88,279.00
406,24.61,349.75
407,23.44,281.50
408,23.47,301.50
409,22.91,305.75
410,22.81,241.75
411,20.92,261.50
412,24.05,315.75
413,23.30,240.50
414,20.86,286.25
415,22.52,296.75
416,22.28,320.00
417,22.11,275.75
418,21.73,246.25
419,24.58,301.75
420,22.64,287.75
421,22.41,304.75
422,23.36,266.00
423,27.59,249.50
424,22.81,315.00
425,24.09,351.75
426,22.06,278.50
427,21.55,288.00
428,23.72,310.25
429,21.33,256.75
430,23.28,293.00
431,22.45,312.25
432,39.53,314.00
433,27.11,259.25
434,24.16,278.75
435,24.44,255.00
436,23.75,273.00
437,23.39,367.75
438,23.59,313.50
439,23.62,290.50
440,23.39,241.38
441,22.91,286.00
442,22.52,272.75
443,23.75,277.00
444,24.25,248.75
445,24.33,295.25
446,22.33,342.00
447,23.98,222.75
448,24.36,270.00
449,22.11,378.25
450,23.83,369.50
451,23.22,298.50
452,22.02,240.62
453,21.64,297.50
454,23.03,321.00
455,21.16,307.00
456,22.61,282.50
457,22.14,263.00
458,21.91,288.25
459,22.62,269.75
460,22.23,283.50
461,22.88,265.75
462,24.16,319.75
463,22.22,295.00
464,22.52,295.25
465,23.66,298.25
466,25.33,335.00
467,24.75,283.50
468,23.12,264.75
469,22.09,306.75
470,20.83,294.25
471,22.27,301.50
472,22.17,258.00
473,23.38,266.00
474,22.62,258.00
475,23.75,274.00
476,21.72,261.00
477,21.94,258.25
478,23.03,296.00
479,22.39,285.00
480,23.47,261.00
481,21.14,251.75
482,21.98,244.25
483,21.64,272.75
484,23.83,329.50
485,23.41,293.25
486,23.52,239.62
487,22.95,339.00
488,22.42,268.50
489,23.39,257.50
490,24.14,270.75
491,22.52,274.00
492,23.50,229.25
493,22.67,433.25
494,28.41,261.25
495,25.27,284.25
496,24.64,238.25
497,22.97,249.00
498,24.36,295.50
499,23.27,286.75
500,22.48,284.00
501,28.23,335.50
502,23.52,293.25
503,22.73,278.25
504,22.11,299.75
505,24.00,278.50
506,21.53,296.50
507,23.97,310.00
508,22.73,267.50
509,23.28,347.75
510,23.78,228.12
511,23.11,237.00
512,23.11,290.50
513,22.52,279.50
514,22.31,280.25
515,22.25,270.00
516,22.62,284.50
517,23.33,258.75
518,22.69,339.75
519,22.86,314.25
520,21.17,344.75
521,24.56,312.25
522,23.97,252.50
523,22.44,282.00
524,22.80,266.50
525,22.61,300.75
526,23.67,318.50
527,25.81,245.88
528,25.05,275.50
529,22.94,276.50
530,22.80,265.75
531,21.80,235.25
532,22.91,299.50
533,23.97,263.75
534,21.61,273.25
535,23.28,277.50
536,22.56,298.50
537,22.23,303.75
538,23.98,264.50
539,22.66,280.50
540,24.08,301.75
541,24.45,264.50
542,21.58,336.75
543,22.64,266.50
544,23.31,368.75
545,20.20,268.25
546,23.70,295.00
547,23.44,277.50
548,22.23,268.75
549,23.58,330.50
550,21.56,262.50
551,22.75,285.50
552,21.56,243.38
553,23.91,309.25
554,23.03,281.00
555,22.72,346.25
556,22.58,273.00
557,22.56,341.50
558,20.86,252.50
559,22.09,268.00
560,21.47,275.25
561,22.44,261.25
562,23.23,302.75
563,23.16,259.50
564,23.08,291.75
565,21.42,292.25
566,22.73,274.50
567,21.66,225.00
568,22.91,281.25
569,23.84,260.75
570,22.28,241.00
571,22.08,291.75
572,21.70,299.25
573,21.47,283.50
574,22.64,251.25
575,33.81,240.62
576,24.39,238.75
577,24.70,259.00
578,24.14,235.00
579,20.66,278.75
580,22.50,224.75
581,21.98,228.38
582,22.73,248.00
583,22.86,275.75
584,22.98,256.50
585,21.22,252.88
586,22.56,322.50
587,24.70,247.62
588,20.97,237.50
589,22.89,258.00
590,21.09,282.25
591,21.69,243.50
592,22.17,324.75
593,22.31,244.25
594,22.00,374.75
595,23.38,292.25
596,23.72,293.00
597,21.34,265.25
598,22.17,341.75
599,21.70,253.62
600,22.23,270.25
601,22.14,281.25
602,23.08,274.75
603,22.81,303.25
604,23.66,308.00
605,22.39,266.50
606,22.92,264.75
607,21.05,259.50
608,21.27,319.00
609,21.80,313.00
610,23.47,287.00
611,22.47,269.75
612,21.48,261.25
613,24.44,262.25
614,23.03,251.00
615,22.70,240.25
616,23.14,248.00
617,47.41,343.75
618,23.64,315.00
619,22.64,314.25
620,23.39,315.75
621,23.88,273.75
622,22.03,283.50
623,23.92,270.00
624,22.16,309.75
625,23.05,331.75
626,21.30,289.25
627,22.75,267.25
628,21.08,248.38
629,23.44,277.25
630,23.14,225.62
631,22.30,234.12
632,23.70,274.50
633,21.02,240.00
634,23.50,277.50
635,22.91,298.00
636,20.72,278.00
637,23.36,297.25
638,24.41,261.00
639,23.02,324.50
640,22.88,281.25
641,22.70,256.25
642,25.03,282.25
643,21.86,277.00
644,21.56,254.50
645,23.20,285.75
646,21.97,264.50
647,22.00,237.38
648,21.52,275.25
649,22.38,264.00
650,21.36,252.12
651,24.19,245.50
652,21.47,251.00
653,20.98,284.25
654,20.80,317.25
655,21.34,278.00
656,20.61,257.50
657,22.78,269.50
658,22.92,275.00
659,21.70,255.25
660,22.73,275.00
661,22.28,294.25
662,23.67,261.50
663,23.23,284.25
664,23.91,304.75
665,21.47,253.25
666,22.44,241.50
667,22.77,262.75
668,21.92,294.00
669,23.34,294.75
670,22.25,247.00
671,22.16,325.50
672,23.38,271.25
673,22.14,315.00
674,23.56,244.25
675,23.05,354.25
676,22.66,300.25
677,22.89,306.50
678,23.69,385.50
679,20.88,344.50
680,20.78,374.50
681,23.34,393.25
682,22.73,362.75
683,23.09,382.50
684,23.58,398.50
685,24.81,292.75
686,23.30,290.25
687,23.19,297.75
688,22.38,312.75
689,23.73,304.75
690,22.22,300.50
691,22.53,310.75
692,23.70,250.75
693,21.44,310.25
694,21.16,307.75
695,21.14,281.25
696,22.17,238.00
697,22.94,231.12
698,23.98,297.75
699,22.84,267.75
700,22.56,267.50
701,22.45,281.25
702,23.58,308.50
703,22.28,283.25
704,22.84,306.00
705,22.84,292.00
706,22.27,255.25
707,22.39,327.00
708,22.95,267.75
709,22.53,297.75
710,22.31,266.75
711,22.31,220.25
712,21.89,252.62
713,24.02,390.75
714,25.84,309.00
715,23.52,281.00
716,24.55,294.50
717,21.94,223.12
718,22.61,269.50
719,22.17,234.00
720,23.86,269.25
721,22.30,255.12
722,22.17,279.50
723,22.50,273.75
724,22.72,295.00
725,22.00,246.50
726,22.45,377.75
727,23.58,269.50
728,21.44,283.50
729,22.45,267.00
730,22.53,275.75
731,21.30,343.25
732,22.88,256.25
733,21.92,226.25
734,23.84,285.00
735,23.61,293.75
736,23.55,343.75
737,21.23,297.50
738,22.11,272.25
739,20.94,264.00
740,22.33,235.00
741,22.47,301.25
742,23.16,271.50
743,22.20,276.50
744,23.62,251.00
745,22.17,279.75
746,22.31,270.50
747,22.97,233.00
748,22.45,249.25
749,22.56,227.00
750,22.44,297.25
751,65.19,303.50
752,22.50,259.25
753,22.08,269.50
754,21.50,279.75
755,22.05,277.75
756,22.36,252.12
757,21.72,253.88
758,21.91,264.75
759,22.34,259.25
760,23.48,283.25
761,22.02,264.25
762,22.12,286.50
763,23.38,244.25
764,24.19,252.12
765,21.92,253.62
766,23.97,232.25
767,20.72,202.50
768,22.73,226.38
769,22.70,266.75
770,23.20,244.38
771,22.89,271.75
772,22.77,253.62
773,21.53,269.75
774,21.22,232.75
775,22.89,247.38
776,24.25,271.50
777,22.33,287.75
778,24.33,289.00
779,23.14,314.75
780,22.72,293.50
781,23.56,302.50
782,21.09,248.25
783,22.25,265.00
784,21.44,267.00
785,22.55,256.75
786,22.41,258.00
787,20.52,239.00
788,22.67,259.75
789,22.58,241.12
790,19.91,252.50
791,22.83,209.62
792,22.36,309.25
793,21.47,269.25
794,23.81,235.38
795,21.91,236.62
796,21.81,254.00
797,22.33,241.25
798,22.72,275.25
799,21.53,307.75
800,23.80,237.12
801,21.38,252.00
802,20.77,220.75
803,22.31,254.12
804,22.45,277.25
805,21.97,239.75
806,24.77,241.25
807,4480.00,213.25
808,34.72,221.00
809,31.66,219.88
810,31.67,208.25
811,29.25,218.00
812,28.73,214.12
813,27.17,213.50
814,26.19,207.38
815,25.27,220.50
816,25.14,213.62
817,25.44,206.88
818,26.38,224.88
819,24.41,224.00
820,24.72,217.50
821,24.52,209.38
822,23.28,219.12
823,23.44,224.25
824,24.03,223.25
825,23.72,222.75
826,23.75,212.75
827,23.17,223.00
828,23.50,225.50
829,23.61,224.12
830,22.89,227.75
831,23.11,238.00
832,23.92,220.75
833,22.73,218.88
834,23.70,224.75
835,22.05,233.50
836,23.50,235.25
837,23.22,234.38
838,21.48,219.88
839,21.91,236.75
840,23.23,256.00
841,22.97,239.25
842,24.64,229.50
843,23.47,244.88
844,22.64,238.38
845,22.89,238.38
846,22.53,229.38
847,22.19,240.00
848,21.77,242.50
849,22.73,258.75
850,23.50,217.12
851,22.25,244.00
852,23.03,247.62
853,23.02,235.88
854,23.30,240.62
855,24.34,245.88
856,22.59,243.00
857,20.36,231.75
858,21.77,257.00
859,23.42,230.25
860,21.23,242.25
861,22.95,245.50
862,22.06,254.75
863,20.81,224.00
864,22.73,249.50
865,23.53,233.62
866,21.17,251.88
867,22.14,233.25
868,20.75,259.50
869,19.89,246.50
870,21.94,260.75
871,22.73,231.00
872,21.42,229.12
873,23.38,244.75
874,22.30,257.75
875,19.83,248.75
876,21.72,246.25
877,25.39,233.25
878,22.78,251.12
879,21.89,253.12
880,21.78,248.00
881,22.25,231.25
882,22.67,227.50
883,21.55,265.50
884,22.31,243.88
885,21.44,241.12
886,22.05,244.50
887,20.95,256.75
888,22.34,239.88
889,21.33,229.25
890,20.91,250.50
891,21.98,260.50
892,21.84,253.00
893,23.62,226.50
894,20.56,245.50
895,21.88,265.50
896,21.69,242.50
897,21.67,241.38
898,21.91,255.50
899,21.08,251.88
900,21.91,240.00
901,22.81,256.75
902,23.41,243.62
903,21.72,252.62
904,22.75,261.75
905,24.17,231.00
906,21.84,264.00
907,20.55,254.88
908,21.39,234.62
909,22.86,250.00
910,20.67,231.00
911,21.83,244.50
912,20.56,230.25
913,22.78,228.62
914,22.95,245.50
915,21.77,252.62
916,22.11,245.75
917,20.72,255.38
918,22.81,238.88
919,21.83,233.25
920,21.91,238.75
921,22.52,244.38
922,21.14,233.38
923,21.61,246.75
924,22.47,258.25
925,23.53,280.75
926,22.44,246.38
927,21.64,243.25
928,19.95,270.00
929,22.09,246.88
930,23.53,264.75
931,21.83,244.62
932,22.52,270.75
933,23.12,238.62
934,21.56,241.88
935,21.30,218.25
936,21.16,245.00
937,22.17,252.12
938,20.84,237.12
939,21.22,242.12
940,21.03,236.25
941,21.97,220.12
942,20.53,214.62
943,20.56,237.00
944,22.23,225.38
945,21.25,231.62
946,21.88,224.62
947,23.22,212.62
948,21.34,213.12
949,22.27,226.62
950,21.86,219.75
951,22.62,227.12
952,22.38,259.75
953,22.94,247.50
954,20.59,238.88
955,21.86,248.38
956,20.94,217.38
957,21.84,240.88
958,22.84,252.38
959,21.58,225.88
960,20.62,237.38
961,23.64,228.12
962,22.20,233.88
963,20.91,240.62
964,22.66,241.75
965,22.52,236.00
966,20.72,245.25
967,20.97,218.38
968,22.16,241.75
969,21.34,215.50
970,21.70,229.62
971,23.73,238.88
972,21.41,250.00
973,21.55,247.38
974,23.30,235.50
975,21.08,239.50
976,24.02,279.00
977,22.03,228.75
978,23.81,268.00
979,21.97,254.00
980,23.14,259.75
981,22.47,344.50
982,22.55,241.75
983,22.38,242.38
984,22.53,237.38
985,21.89,248.50
986,20.89,237.50
987,21.22,273.25
988,23.03,251.62
989,22.69,257.50
990,24.42,273.75
991,21.22,239.25
992,23.53,241.25
993,23.08,265.50
994,25.22,307.00
995,21.95,243.12
996,21.16,274.00
997,23.58,254.62
998,22.61,243.75
999,22.36,241.25
1000,23.55,264.50
1001,21.33,240.25
1002,21.59,251.12
1003,22.33,225.62
1004,20.48,204.88
1005,22.91,226.12
1006,20.86,279.00
1007,21.67,269.00
1008,21.61,228.62
1009,22.19,237.88
1010,22.53,259.00
1011,23.34,259.50
1012,21.77,244.62
1013,21.08,227.25
1014,21.72,235.62
1015,22.06,256.50
1016,22.45,234.25
1017,21.64,237.25
1018,21.66,239.12
1019,21.03,239.25
1020,21.89,222.62
1021,23.19,252.50
1022,22.48,256.50
1023,22.75,228.50
1024,23.23,240.88
1025,21.56,237.50
1026,20.92,243.50
1027,21.50,241.62
1028,21.77,237.62
1029,22.14,242.75
1030,22.83,247.12
1031,21.89,233.00
1032,20.86,222.25
1033,22.48,219.88
1034,22.94,246.00
1035,21.84,288.75
1036,22.92,216.50
1037,22.92,232.38
1038,20.91,212.12
1039,23.14,236.25
1040,23.22,255.25
1041,20.81,239.00
1042,21.97,211.62
1043,22.20,221.62
1044,22.02,210.38
1045,24.31,223.12
1046,22.62,245.75
1047,621.00,1991.00
1048,409.75,232.88
1049,32.16,227.50
1050,30.59,226.38
1051,28.28,242.75
1052,26.83,245.75
1053,28.02,251.25
1054,25.12,255.00
1055,25.39,244.50
1056,24.66,239.75
1057,28.72,248.38
1058,24.05,241.12
1059,23.17,249.62
1060,24.42,234.62
1061,23.06,253.62
1062,24.11,253.38
1063,22.48,252.75
1064,22.56,251.25
1065,24.67,274.25
1066,24.58,248.62
1067,22.36,259.00
1068,23.73,249.25
1069,22.44,250.00
1070,22.16,256.00
1071,22.69,273.50
1072,23.14,255.62
1073,23.28,281.50
1074,20.84,267.50
1075,28.84,248.38
1076,22.11,260.25
1077,23.30,262.75
1078,22.23,249.62
1079,22.69,243.88
1080,22.81,275.25
1081,21.97,251.00
1082,22.47,260.50
1083,21.08,252.62
1084,22.14,237.75
1085,22.53,239.88
1086,22.52,262.75
1087,21.77,262.00
1088,23.03,255.00
1089,21.62,257.50
1090,21.55,253.88
1091,22.69,240.38
1092,21.09,252.88
1093,21.70,251.88
1094,22.20,252.62
1095,22.22,250.25
1096,20.78,247.38
1097,21.22,257.00
1098,22.31,246.50
1099,22.80,260.00
1100,22.17,279.00
1101,20.94,246.12
1102,21.36,242.62
1103,22.17,234.62
1104,21.36,242.50
1105,22.66,257.50
1106,22.30,247.12
1107,22.19,253.50
1108,22.33,247.25
1109,22.31,248.62
1110,23.88,259.00
1111,20.59,259.00
1112,21.22,243.62
1113,20.95,271.50
1114,20.34,260.50
1115,21.27,242.88
1116,21.25,231.38
1117,20.95,243.75
1118,20.58,267.50
1119,20.44,257.00
1120,20.50,235.00
1121,20.23,246.75
1122,21.02,242.00
1123,20.78,224.75
1124,21.89,254.12
1125,21.17,231.88
1126,22.28,230.25
1127,20.77,251.38
1128,21.42,251.00
1129,22.97,245.62
1130,20.48,244.75
1131,22.03,230.25
1132,22.11,231.38
1133,22.44,238.38
1134,20.48,231.50
1135,20.84,230.62
1136,20.97,227.62
1137,22.66,244.38
1138,20.56,227.50
1139,21.72,240.12
1140,21.81,243.75
1141,21.11,238.88
1142,20.53,227.88
1143,21.83,265.00
1144,21.16,246.75
1145,22.12,250.12
1146,22.34,224.62
1147,21.89,257.50
1148,23.12,259.50
1149,22.95,280.75
1150,22.48,298.25
1151,23.00,266.25
1152,22.48,250.38
1153,21.34,252.25
1154,22.62,285.25
1155,21.81,244.50
1156,21.62,273.50
1157,21.33,271.75
1158,21.78,269.00
1159,20.91,249.38
1160,22.66,255.88
1161,21.75,274.75
1162,22.88,234.38
1163,21.28,249.75
1164,21.45,233.12
1165,20.58,230.38
1166,22.36,212.62
1167,22.23,244.12
1168,22.28,242.88
1169,21.62,222.25
1170,20.64,231.62
1171,21.58,219.62
1172,20.66,230.50
1173,22.39,229.88
1174,23.09,232.25
1175,22.45,251.88
1176,22.27,241.25
1177,21.09,265.50
1178,22.22,252.88
1179,22.97,242.12
1180,23.03,232.12
1181,23.17,249.62
1182,22.11,254.25
1183,24.05,285.75
1184,22.80,255.62
1185,21.33,244.50
1186,21.19,216.12
1187,21.28,264.50
1188,23.11,271.25
1189,22.61,256.75
1190,22.28,231.88
1191,22.98,249.38
1192,20.39,227.50
1193,23.89,270.50
1194,22.94,263.50
1195,21.48,248.00
1196,21.27,225.38
1197,21.98,276.25
1198,21.66,241.12
1199,22.66,234.75
1200,21.52,272.75
1201,23.38,282.50
1202,20.62,257.25
1203,20.88,234.50
1204,22.69,243.50
1205,23.48,232.62
1206,23.28,262.75
1207,21.56,269.25
1208,22.39,244.12
1209,20.45,221.38
1210,20.48,223.88
1211,22.09,252.50
1212,21.14,224.38
1213,21.52,249.88
1214,21.95,249.50
1215,21.50,221.50
1216,21.64,232.12
1217,21.30,247.50
1218,22.27,215.62
1219,21.86,220.62
1220,21.78,240.88
1221,21.92,237.25
1222,23.09,243.75
1223,23.95,224.25
1224,22.89,233.62
1225,22.17,231.62
1226,22.55,215.62
1227,21.52,213.38
1228,22.91,235.25
1229,21.59,205.12
1230,23.03,207.50
1231,21.58,218.00
1232,22.08,246.00
1233,21.55,224.12
1234,23.20,222.25
1235,22.09,223.12
1236,21.48,223.75
1237,20.69,215.75
1238,21.45,219.00
1239,22.52,214.00
1240,23.42,217.38
1241,21.83,205.00
1242,21.47,215.50
1243,22.23,220.00
1244,21.34,246.75
1245,22.72,219.50
1246,21.48,225.50
1247,21.69,244.00
1248,21.42,213.38
1249,21.17,210.12
1250,21.98,222.50
1251,22.78,219.00
1252,22.17,202.88
1253,21.38,219.38
1254,21.73,216.62
1255,23.77,200.00
1256,20.89,212.50
1257,21.41,204.62
1258,21.30,208.75
1259,22.67,207.62
1260,21.83,209.62
1261,20.39,212.62
1262,23.05,199.25
1263,22.83,206.00
1264,22.31,219.75
1265,22.88,221.62
1266,22.61,236.62
1267,22.31,234.50
1268,20.97,228.25
1269,23.02,236.12
1270,21.62,204.75
1271,20.67,216.88
1272,22.53,246.00
1273,20.84,247.12
1274,22.19,215.25
1275,23.12,232.38
1276,22.69,215.00
1277,22.17,249.62
1278,20.33,234.38
1279,21.42,216.00
1280,21.81,217.50
1281,22.09,220.38
1282,21.34,214.50
1283,21.81,231.38
1284,23.17,267.25
1285,21.98,215.50
1286,23.23,235.00
1287,21.69,211.12
1288,22.03,215.38
1289,22.81,220.12
1290,22.20,215.38
1291,23.09,216.75
1292,22.67,227.12
1293,21.89,225.88
1294,21.38,227.50
1295,20.92,245.38
1296,23.27,217.75
1297,22.14,216.88
1298,22.50,239.88
1299,20.91,224.62
1300,20.78,212.50
1301,21.19,225.25
1302,21.27,226.75
1303,21.38,206.62
1304,22.41,214.75
1305,22.81,224.50
1306,21.56,234.75
1307,20.75,234.38
1308,22.83,251.12
1309,21.61,219.75
1310,22.94,256.50
1311,22.61,212.50
1312,22.27,214.88
1313,20.89,207.50
1314,20.73,233.75
1315,22.52,212.00
1316,20.98,207.75
1317,22.14,210.38
1318,21.72,218.12
1319,21.16,233.38
1320,23.09,231.75
1321,21.83,246.50
1322,25.58,224.00
1323,23.77,233.62
1324,23.22,246.12
1325,22.31,222.38
1326,22.16,234.62
1327,21.64,224.75
1328,21.22,232.62
1329,22.56,220.88
1330,22.02,235.38
1331,21.30,235.88
1332,22.94,243.25
1333,20.73,217.38
1334,21.53,241.75
1335,24.20,233.00
1336,22.75,231.00
1337,21.05,233.25
1338,22.28,221.88
1339,22.59,231.75
1340,21.36,225.62
1341,21.70,223.75
1342,21.19,240.00
1343,22.08,231.75
1344,22.22,240.38
1345,22.08,233.88
1346,22.72,225.00
1347,22.17,234.00
1348,22.38,216.75
1349,21.56,238.50
1350,21.62,226.25
1351,22.89,213.88
1352,20.64,228.62
1353,21.67,213.12
1354,21.34,233.62
1355,21.70,243.62
1356,23.33,257.75
1357,21.56,244.12
1358,22.14,224.12
1359,22.41,229.62
1360,61.91,217.38
1361,25.50,231.00
1362,22.62,214.12
1363,23.36,228.25
1364,22.12,238.62
1365,23.00,215.75
1366,22.19,241.50
1367,23.39,224.50
1368,21.78,233.75
1369,21.78,217.38
1370,22.28,232.25
1371,21.44,207.50
1372,21.23,238.50
1373,20.92,234.50
1374,21.66,216.00
1375,21.50,243.38
1376,22.97,255.88
1377,23.64,224.12
1378,22.48,215.88
1379,21.70,227.38
1380,22.30,234.50
1381,21.56,227.62
1382,22.31,212.50
1383,22.39,213.38
1384,20.91,221.62
1385,22.97,221.62
1386,21.31,226.25
1387,22.61,222.88
1388,21.05,216.00
1389,20.92,229.88
1390,21.33,222.38
1391,21.22,231.38
1392,23.47,235.88
1393,21.38,210.62
1394,21.44,232.88
1395,21.36,234.25
1396,22.22,232.25
1397,21.92,229.38
1398,22.62,219.50
1399,21.44,229.50
1400,21.08,219.25
1401,21.11,216.38
1402,21.72,232.00
1403,21.73,236.38
1404,22.38,221.50
1405,21.34,256.50
1406,23.70,246.50
1407,21.55,243.75
1408,21.84,252.25
1409,22.70,254.00
1410,21.22,224.38
1411,22.31,236.88
1412,22.30,231.38
1413,21.88,234.88
1414,22.28,254.62
1415,22.56,264.75
1416,21.72,252.12
1417,21.75,266.75
1418,22.89,235.62
1419,20.11,231.75
1420,21.67,227.00
1421,22.05,216.62
1422,22.05,253.62
1423,23.36,230.12
1424,20.38,238.88
1425,22.48,216.50
1426,21.72,206.12
1427,22.36,229.62
1428,27.11,250.75
1429,22.78,266.00
1430,22.09,213.50
1431,22.58,240.88
1432,22.28,233.88
1433,22.75,251.88
1434,23.12,238.00
1435,22.20,211.50
1436,21.94,238.88
1437,21.48,255.75
1438,21.78,237.62
1439,21.31,230.25
1440,22.53,236.38
1441,22.28,232.00
1442,23.25,243.75
1443,21.84,232.50
1444,21.56,240.88
1445,20.62,254.75
1446,22.86,248.62
1447,21.00,213.25
1448,20.98,210.00
1449,22.70,246.50
1450,20.98,217.00
1451,22.64,212.38
1452,23.44,235.75
1453,22.30,243.75
1454,22.62,205.62
1455,22.55,213.75
1456,21.42,199.25
1457,23.66,250.38
1458,24.75,238.88
1459,21.88,233.88
1460,22.03,234.88
1461,21.73,281.75
1462,21.20,214.62
1463,20.31,226.88
1464,21.36,214.88
1465,22.45,250.75
1466,29.30,231.62
1467,25.38,226.88
1468,23.23,222.12
1469,22.84,226.75
1470,20.06,214.50
1471,22.66,221.62
1472,24.27,222.38
1473,22.44,234.00
1474,23.55,225.00
1475,22.38,216.50
1476,23.02,213.88
1477,20.80,210.88
1478,23.16,206.88
1479,20.89,209.62
1480,21.73,222.75
1481,22.44,208.50
1482,22.03,200.00
1483,23.06,226.12
1484,21.61,217.62
1485,23.75,222.88
1486,21.95,209.12
1487,22.41,200.88
1488,21.16,222.62
1489,21.64,214.38
1490,27.38,234.00
1491,23.39,214.38
1492,22.45,219.75
1493,22.31,209.25
1494,22.59,225.00
1495,23.97,229.62
1496,22.41,218.50
1497,21.78,223.50
1498,21.91,226.75
1499,23.25,205.62
1500,22.00,219.00
1501,21.17,214.75
1502,21.84,229.12
1503,21.11,230.25
1504,21.72,202.38
1505,22.33,219.25
1506,22.69,224.12
1507,21.47,209.25
1508,21.53,201.38
1509,22.30,229.50
1510,352.50,1414.00
1511,339.50,5216.00
1512,22.12,236.12
1513,20.55,215.50
1514,774.00,221.12
1515,577.00,209.50
1516,4456.00,291.50
1517,200.88,236.00
1518,134.38,242.12
1519,56.81,243.25
1520,56.19,248.88
1521,82.75,244.75
1522,47.41,238.88
1523,44.72,240.12
1524,40.94,230.25
1525,37.72,236.12
1526,40.06,232.75
1527,40.84,224.00
1528,39.28,225.62
1529,37.34,220.50
1530,38.03,225.62
1531,34.28,228.38
1532,34.84,221.12
1533,36.62,222.88
1534,75.31,233.62
1535,36.50,231.12
1536,35.12,241.62
1537,35.81,235.12
1538,34.56,229.50
1539,33.25,238.12
1540,222.00,219.88
1541,2766.00,224.50
1542,43.97,227.50
1543,34.91,231.50
1544,34.47,241.62
1545,45.88,231.88
1546,39.72,242.50
1547,33.44,234.50
1548,31.30,233.75
1549,32.53,239.38
1550,31.53,245.38
1551,32.16,227.88
1552,28.77,246.88
1553,29.00,247.12
1554,29.91,244.75
1555,28.56,266.75
1556,29.22,244.00
1557,28.44,236.12
1558,27.42,243.88
1559,26.70,243.50
1560,28.27,252.75
1561,27.34,248.38
1562,27.56,241.75
1563,27.92,246.50
1564,28.80,246.75
1565,28.52,249.62
1566,28.27,247.88
1567,29.23,255.25
1568,27.12,248.38
1569,27.25,266.25
1570,26.88,268.00
1571,26.66,256.50
1572,26.62,259.25
1573,28.97,273.25
1574,26.56,268.00
1575,26.98,247.75
1576,26.08,255.50
1577,26.50,249.50
1578,26.34,267.50
1579,25.92,251.38
1580,25.17,264.25
1581,24.67,251.00
1582,168.50,285.00
1583,43.78,236.88
1584,28.80,259.25
1585,28.88,260.75
1586,30.14,242.62
1587,29.00,262.00
1588,25.14,257.00
1589,23.58,255.00
1590,26.30,267.00
1591,25.20,286.75
1592,25.30,259.25
1593,25.77,271.00
1594,24.50,285.75
1595,26.12,285.25
1596,22.50,274.75
1597,26.22,260.25
1598,23.81,318.25
1599,24.89,282.25
1600,25.36,249.38
1601,24.95,277.00
1602,23.83,286.50
1603,24.64,279.25
1604,24.06,261.25
1605,24.66,323.00
1606,24.69,338.50
1607,25.05,301.00
1608,24.05,313.75
1609,23.92,302.50
1610,24.25,301.00
1611,25.25,323.50
1612,24.88,347.75
1613,23.44,353.75
1614,25.62,351.00
1615,23.89,293.00
1616,24.72,303.25
1617,23.14,295.25
1618,24.81,313.50
1619,25.05,294.75
1620,24.80,281.00
1621,23.66,294.00
1622,24.05,295.50
1623,25.52,311.75
1624,24.05,303.00
1625,23.02,285.25
1626,23.64,294.50
1627,24.16,301.00
1628,24.27,285.50
1629,23.28,304.00
1630,22.53,303.50
1631,25.81,338.50
1632,24.67,332.75
1633,24.08,328.25
1634,23.20,321.25
1635,22.77,291.00
1636,22.80,329.25
1637,23.94,291.50
1638,22.83,293.25
1639,23.66,319.00
1640,23.67,353.75
1641,24.11,317.50
1642,23.03,360.25
1643,24.53,333.50
1644,25.41,316.25
1645,24.11,381.50
1646,22.98,303.00
1647,22.66,292.25
1648,25.58,301.75
1649,22.92,300.50
1650,23.08,317.75
1651,22.14,336.25
1652,22.27,308.25
1653,23.28,300.50
1654,24.25,291.00
1655,22.69,270.75
1656,22.55,308.25
1657,23.75,286.25
1658,21.91,281.50
1659,22.23,301.50
1660,22.98,284.50
1661,22.78,301.25
1662,22.77,273.75
1663,22.12,298.00
1664,23.27,314.25
1665,22.64,293.75
1666,23.23,272.25
1667,23.95,290.25
1668,23.05,328.75
1669,21.89,293.25
1670,23.34,290.50
1671,22.91,296.00
1672,22.75,300.25
1673,22.55,285.25
1674,23.28,301.50
1675,22.16,306.75
1676,23.05,277.50
1677,22.28,307.75
1678,22.80,252.62
1679,21.42,270.00
1680,22.94,287.50
1681,23.75,295.75
1682,21.34,264.25
1683,20.95,259.50
1684,21.36,271.25
1685,22.95,268.25
1686,22.28,261.75
1687,21.83,258.50
1688,22.16,246.75
1689,22.64,297.50
1690,23.20,301.75
1691,25.42,251.12
1692,26.00,292.50
1693,22.42,293.00
1694,21.98,251.50
1695,23.97,273.00
1696,21.69,270.00
1697,22.89,274.00
1698,22.36,222.12
1699,22.25,266.25
1700,21.91,240.12
1701,22.59,299.50
1702,21.61,261.50
1703,24.27,285.25
1704,21.45,240.75
1705,22.70,236.38
1706,22.83,302.25
1707,21.58,311.00
1708,22.50,307.25
1709,21.83,261.50
1710,23.33,263.75
1711,20.89,276.00
1712,20.56,240.38
1713,21.80,267.00
1714,21.92,251.75
1715,21.66,270.00
1716,22.95,274.75
1717,20.80,270.25
1718,21.80,256.25
1719,21.53,231.75
1720,23.78,226.25
1721,22.11,239.88
1722,22.19,228.88
1723,22.20,224.50
1724,22.31,212.25
1725,22.02,202.62
1726,22.70,227.75
1727,23.03,206.00
1728,20.28,202.12
1729,21.45,206.25
1730,21.44,220.75
1731,23.14,212.38
1732,21.11,211.00
1733,22.33,203.12
1734,20.84,217.50
1735,21.95,226.38
1736,20.77,227.88
1737,21.03,208.38
1738,20.62,200.62
1739,22.70,208.50
1740,20.92,215.25
1741,20.39,217.75
1742,20.22,222.25
1743,20.67,202.12
1744,22.86,204.62
1745,20.98,228.88
1746,21.17,212.00
1747,21.17,217.25
1748,23.75,273.00
1749,21.56,222.75
1750,21.09,212.62
1751,22.11,208.88
1752,21.78,261.50
1753,22.25,233.75
1754,22.81,211.50
1755,23.39,222.38
1756,22.17,204.50
1757,21.78,248.62
1758,21.75,220.38
1759,22.78,236.88
1760,22.44,213.62
1761,21.83,231.75
1762,21.17,215.75
1763,24.45,229.00
1764,22.78,242.88
1765,22.88,228.00
1766,23.05,245.50
1767,24.25,227.25
1768,20.83,235.25
1769,21.38,214.00
1770,22.83,257.25
1771,22.02,271.75
1772,21.30,232.50
1773,22.36,234.00
1774,21.38,260.50
1775,22.73,244.00
1776,21.97,209.62
1777,21.08,205.62
1778,22.44,198.88
1779,22.12,217.25
1780,21.03,216.50
1781,20.92,230.88
1782,21.31,224.50
1783,21.92,246.38
1784,21.73,216.25
1785,21.92,244.50
1786,23.12,271.25
1787,21.80,224.12
1788,23.45,225.50
1789,335.50,250.38
1790,37.69,212.88
1791,28.11,210.38
1792,26.27,226.75
1793,24.50,233.12
1794,23.00,229.25
1795,22.64,236.38
1796,22.80,234.00
1797,23.58,242.38
1798,23.22,243.75
1799,23.34,230.75
1800,21.45,240.25
1801,22.88,251.62
1802,22.20,233.00
1803,23.41,243.25
1804,22.03,240.50
1805,22.36,253.62
1806,21.58,245.12
1807,22.39,228.62
1808,21.64,232.38
1809,22.12,244.62
1810,21.88,235.00
1811,20.86,226.00
1812,20.92,225.50
1813,22.52,226.00
1814,21.09,210.62
1815,21.98,221.88
1816,21.31,227.12
1817,23.11,224.88
1818,21.41,219.00
1819,21.34,218.75
1820,21.14,209.12
1821,20.38,218.38
1822,20.88,218.38
1823,21.09,213.88
1824,20.53,215.75
1825,20.81,214.75
1826,20.88,210.38
1827,21.47,225.88
1828,22.66,218.25
1829,23.09,203.88
1830,21.80,218.00
1831,20.81,216.75
1832,21.86,216.88
1833,21.09,205.00
1834,20.45,235.38
1835,21.61,217.50
1836,20.86,225.50
1837,21.73,216.62
1838,21.55,223.50
1839,21.89,225.75
1840,22.27,227.62
1841,22.41,222.50
1842,21.34,212.88
1843,20.45,211.62
1844,21.33,227.12
1845,20.78,202.62
1846,22.06,226.25
1847,20.48,228.00
1848,22.34,222.75
1849,20.39,220.75
1850,22.09,204.62
1851,23.33,232.62
1852,21.00,254.50
1853,21.64,251.88
1854,24.19,273.75
1855,22.23,243.38
1856,23.06,296.00
1857,23.33,269.00
1858,23.42,243.88
1859,22.94,239.38
1860,21.52,219.62
1861,21.39,232.38
1862,22.22,208.12
1863,30.78,244.62
1864,23.88,258.75
1865,22.27,250.12
1866,22.73,219.88
1867,21.19,222.00
1868,21.42,259.75
1869,21.42,237.00
1870,20.95,229.75
1871,21.84,234.50
1872,21.44,210.62
1873,21.83,203.50
1874,21.89,223.12
1875,21.72,221.38
1876,22.05,235.38
1877,20.97,213.88
1878,21.34,252.38
1879,23.05,243.75
1880,21.36,226.62
1881,22.55,258.25
1882,22.12,230.12
1883,22.58,233.75
1884,22.30,245.12
1885,21.39,229.38
1886,21.97,214.75
1887,21.86,217.00
1888,25.69,202.50
1889,27.34,226.88
1890,22.81,199.88
1891,23.42,214.75
1892,23.05,214.38
1893,21.61,224.00
1894,22.53,215.00
1895,22.28,222.12
1896,22.48,215.12
1897,22.00,212.88
1898,22.05,208.75
1899,22.03,232.25
1900,21.73,226.88
1901,24.11,207.75
1902,21.84,215.50
1903,22.20,215.75
1904,21.44,234.12
1905,22.05,215.75
1906,23.59,231.75
1907,22.03,240.00
1908,23.78,270.25
1909,21.86,226.88
1910,21.95,220.88
1911,21.14,230.62
1912,21.47,231.75
1913,22.56,225.25
1914,22.69,218.75
1915,21.31,204.00
1916,23.14,228.88
1917,22.84,210.00
1918,21.56,225.50
1919,21.58,219.75
1920,21.41,234.88
1921,23.00,256.50
1922,21.02,235.50
1923,22.95,233.62
1924,22.86,217.62
1925,23.00,220.88
1926,21.20,229.50
1927,21.30,229.00
1928,23.20,216.25
1929,22.39,217.25
1930,21.03,228.12
1931,21.86,249.50
1932,22.44,215.12
1933,21.56,234.75
1934,21.72,220.00
1935,22.91,230.12
1936,21.48,229.88
1937,22.70,204.00
1938,21.80,210.62
1939,22.94,209.50
1940,21.14,208.12
1941,22.58,211.12
1942,20.55,228.00
1943,20.95,220.25
1944,22.25,229.88
1945,22.59,223.00
1946,22.30,218.62
1947,27.39,208.75
1948,24.25,218.75
1949,23.48,202.75
1950,21.25,219.50
1951,23.91,221.38
1952,22.56,219.12
1953,20.53,216.88
1954,22.22,238.88
1955,21.72,213.62
1956,21.33,219.25
1957,23.23,235.50
1958,21.95,222.12
1959,21.81,227.00
1960,22.81,229.50
1961,22.30,228.75
1962,22.03,221.75
1963,21.98,206.75
1964,22.25,224.00
1965,22.16,215.50
1966,19.97,222.75
1967,22.30,214.50
1968,21.17,221.75
1969,22.56,239.00
1970,21.64,220.50
1971,23.52,248.12
1972,23.36,227.38
1973,21.73,215.62
1974,22.19,210.12
1975,20.58,220.50
1976,20.50,228.75
1977,22.11,231.88
1978,21.64,233.88
1979,21.62,239.25
1980,22.83,233.00
1981,21.19,221.88
1982,22.75,210.00
1983,22.56,228.38
1984,23.56,224.00
1985,21.09,216.75
1986,20.81,226.75
1987,22.88,223.88
1988,21.77,227.00
1989,21.89,223.00
1990,22.59,225.00
1991,34.22,211.62
1992,22.95,233.75
1993,22.11,209.75
1994,21.38,214.62
1995,21.34,231.25
1996,22.23,217.12
1997,22.38,200.88
1998,22.66,233.75
1999,21.72,213.12
